"0","library(tidyverse)
"
"2","Loading tidyverse: ggplot2
Loading tidyverse: tibble
Loading tidyverse: readr
Loading tidyverse: purrr
Loading tidyverse: dplyr
"
"2","Conflicts with tidy packages -----------------------------------------------------------------------------------------------
"
"2","filter(): dplyr, stats
lag():    dplyr, stats
"
